949.9081655329474, 913.6345918192483, 3387.6808012852543
2038.8711690046039, 1514.2017548915483, 2186.1739986926473
684.040462049074, 3877.4090010816353, 3825.546829765921
2507.3279802064726, 1646.664022388712, 2653.125169473933
276.653532742449, 3698.7326649050974, 543.1707880158906
2194.4532909201967, 1667.7673201074613, 2635.1090740476543
2124.625178684042, 2436.620440802134, 3090.9563935115502
2394.121107479841, 2306.924105812768, 2115.077704406016
1820.3910840661804, 1852.4937813963013, 3069.324092821752
1134.7122524880574, 2271.701120343665, 2752.9690802229625
967.4907411104136, 2542.986899816048, 3428.304201832353
2669.7346118496935, 2446.9970004122424, 3110.435675421464
2523.635859341234, 2607.524819594146, 3626.8959502822618
2214.3877203249576, 1358.604226186335, 3710.871092938878
684.7489245143397, 758.7982675378048, 2333.5439116647667
1348.5020977147065, 3475.3927910830403, 1159.3685082185843
3402.336965591019, 83.4925496380306, 679.4344615095924
2933.1796249537947, 3048.769773213273, 1877.4054427191425
607.5480562113053, 1232.192268135002, 485.74567601383933
2437.205047994564, 2284.638780608918, 2407.2772937860236
3829.1671587676315, 3276.0623422242943, 138.0850943672658
3959.4802440859407, 651.2410029662874, 1098.383306865022
1348.8578874926602, 3281.324741281065, 2465.571398164926
3934.2669064461256, 586.5973593401736, 221.75174999204273
161.14824062002253, 1178.8064027819414, 665.1242843138143
3656.2074143045734, 652.0276671782754, 2033.8142824146976
3515.2688661525804, 2982.759098982412, 2995.491634656974
3003.1717233020518, 2275.4358743582316, 2366.998623106173
3938.141693524996, 105.78977602651776, 1873.4856145603972
745.7881466835101, 1010.9594057291815, 2356.7931461542294
288.1951766394054, 1266.0467288326681, 3078.9157279821156
2511.4690211360503, 2135.463192195737, 3361.505637574449
3181.985451985707, 2681.295280334617, 827.0332660179188
1638.997512568847, 2779.949347410441, 2728.8231886050276
2402.294568699703, 3475.579205097203, 2452.9521785755014
176.67833474028248, 1237.593069617693, 2922.336123532351
349.1936371634256, 1560.0175188234753, 136.59164210110112
3608.734109542226, 804.9990754774544, 1368.7425753927564
2772.3969506177964, 2911.551279352994, 2288.1014263836078
781.9502271540791, 1328.8521810576863, 1559.3858277399831
2282.653740649035, 264.6184483690531, 2941.084096643649
3913.361952202228, 1466.8602965605064, 1937.1198070489882
506.9238295967416, 1331.3841401558211, 938.144826919598
2508.51059017878, 2674.101419539556, 2801.6420708730393
1950.5474403661526, 3071.9488348180266, 2313.9414674486125
2626.68268713189, 3305.4642868373803, 3479.174259880459
3953.948444800867, 1309.66287854765, 1442.6593521585874
2136.3559766526737, 3754.2452080296284, 158.1449300717618
533.5890906224668, 1988.6884990963467, 868.305397039891
2005.4087860523118, 3710.927568307438, 2109.0130485648638
491.3887683491739, 555.4375476876389, 3192.5286854258047
3140.084692783279, 3281.769895497481, 719.7234814988806
0.0, 1576.8000000000002, 525.6
642.4183556404223, 1800.7086227352293, 1313.105145646694
460.43045860860684, 1813.1475257824516, 74.79250012589455
2071.919665513254, 3731.1571151372564, 2921.9622992821496
255.84210069928304, 910.7317087897604, 1368.4127253817642
2649.0199544430034, 3932.1954236751294, 3055.184377323333
2015.1705008450454, 3526.0835474043934, 3286.637809900328
2252.8072875230546, 3631.0443925214026, 308.84740838478774
2383.2545509489482, 195.12568408521201, 470.237600429522
2014.1066021549054, 161.82449798739026, 1110.6729445950568
508.86278308816554, 2090.0548864495577, 2104.6477588286493
793.6454657256681, 1751.2246795767314, 1961.0590154487081
584.9081173467189, 3134.471050274761, 3045.8328201997297
2796.2305984765026, 2510.660752937042, 1860.7632303932571
792.7496144793372, 611.5492054510828, 396.2358559858458
1912.694145508417, 14.278788778083253, 2785.849079742403
2191.4540334874455, 1269.3347166779977, 1767.2015612895557
3593.8242711757844, 1585.8462226174283, 2551.0824931187453
965.0394992135134, 612.8446301156778, 622.5415084363676
2653.028083356236, 2448.1908157898283, 2467.057578423586
2460.3009309054723, 2319.2726117181637, 2523.7686058125973
2406.332413377445, 2234.0332670426883, 3210.615548459003
2424.149120980732, 2568.923688993189, 2810.766189192721
1335.1876889431983, 191.1517908306355, 2085.9221758578988
1742.7457617297553, 2623.2318929312078, 3260.254325511545
3107.71583804585, 2170.368856498111, 1126.0737179081807
898.0154376609644, 3905.113720726916, 2261.1829135436315
2764.694128081034, 2008.1023337800514, 3407.870174055997
216.5285110135128, 886.8783089257404, 3525.2852150849394
3248.795716281784, 2905.273392176506, 2715.900386462532
775.4608686157694, 782.1734563985628, 3957.0197177911205
1612.4435149357555, 1323.5456729465113, 3671.3605203845145
2918.811712977459, 2690.393097346958, 2188.2775405286384
3475.837018379, 3104.3546012519896, 3625.8047006585093
1295.783066224663, 1352.525967347006, 994.8921868707912
2507.061274255737, 3083.3933007839105, 3330.394261672684
3259.8481205339754, 2632.2915275045307, 2396.0271738452902
1362.9302689514398, 3668.313089346667, 1262.0409649198868
2959.9564362785786, 3102.470815934889, 2572.9424115218117
1284.3643395060108, 380.48899962576525, 996.4172865019477
2444.9922612521896, 2460.9133555598887, 3914.7600679334128
978.5672898462944, 476.66283558011673, 1228.968611643123
457.05049082712867, 62.29931025657061, 2081.020986919404
1313.828750737055, 147.2295178858667, 651.4329560028009
3970.4678594290563, 2121.0427747572357, 425.3591235769986
2632.1280319090456, 3828.573274434782, 3495.6869320413953
205.70156256077144, 2082.2685579703602, 3747.2527840070884
2736.5477962931436, 2566.2742694369467, 2026.7146550973923
2261.9316440954135, 3287.0098419882665, 2799.7937696016697
1886.5410812694622, 880.1816369412309, 1023.046744597721
981.4501917992029, 595.4371864775339, 1020.9364018860952
3199.6600193822455, 3142.9885926703473, 1456.7773345227297
1751.080860715737, 501.05693822532976, 3968.978022154331
3250.3429438021158, 2846.4528430535233, 389.6835346823309
1861.0958042005868, 3209.0577641537566, 2135.87901694392
3373.6223543349497, 2609.341659313258, 3837.6571772610496
2853.5470863182863, 2882.872865248026, 3307.327706873057
3217.3676108007176, 2866.4099249734863, 3747.0969213825706
347.2952646614294, 1401.348862627694, 1359.007745646105
3793.160680674828, 2725.110545345, 183.43814959300744
3791.3727968573853, 2117.4098044367433, 35.97350864066175
574.4117336409372, 1225.087802523828, 135.2199716726218
1505.0935717288662, 1658.1723187107818, 376.0651367453497
2940.13323180289, 3828.159791710144, 1574.8817453750687
1027.4263625282515, 1451.0989765334389, 480.03413332244463
3173.812676992021, 3862.9313682183656, 2538.6297475730253
453.5956937802134, 2346.709607992538, 3946.497860295701
140.5054215698583, 1551.9905324537422, 699.7019920051825
2233.708372342533, 3550.601677525682, 3187.8142895942715
577.7048300623574, 1504.3850165933413, 1455.8408683754724
854.9851955102208, 1556.0023978090453, 1390.9510466499955
778.7491207535008, 1811.1842629406847, 603.0695004752743
2533.3797755245732, 610.0888098001315, 3904.532232111433
2992.7532349317444, 17.205076709271225, 239.9698455411035
3015.963752204497, 276.5169564467051, 1510.8379251160136
3141.997565810786, 3090.393608913541, 3245.7580572794436
3457.597310571552, 1614.141645538125, 2479.7882394374956
1976.9244879734479, 473.8393550786973, 479.4993713814356
1583.3330858177578, 14.379327740209646, 3554.5922060986663
3333.056782688195, 1202.106245305446, 1051.8798065069495
3110.3687179273816, 1575.765019812231, 2653.5427899507367
2398.8767063660175, 326.0387631164913, 79.70228441358176
3256.46348578853, 2791.315849087274, 2315.1519406418784
1409.3073944791086, 2515.9439428126107, 3627.397552483573
3257.2886579876063, 1877.6849903954144, 2727.1913855983244
963.6795981259365, 1537.7235767736834, 2056.704430342784
1260.6277717700018, 981.1792363850022, 392.7018677953588
1590.3683773730513, 3145.362872506633, 737.0893270923948
1302.9487597087964, 3500.234135362466, 2564.0542230062797
430.6513598154602, 64.92173095163571, 2750.430718476298
3918.842833204156, 1824.6624911559693, 20.757368730483904
3325.168115828167, 2292.319283745694, 3443.475404544658
3089.854990738496, 2481.4987645416277, 2473.552590497978
1338.86293622328, 3786.817190777017, 200.1042178084008
3412.7403437422395, 2150.0633511689903, 2094.7477990329394
2192.5916654818357, 222.37049837754603, 3989.2718052964574
3703.1535908269752, 3411.322413864194, 2706.2650797430824
806.162929471674, 2081.4036406758996, 1478.3245775958767
2835.861793528002, 2680.25413484236, 2535.0042737405474
1647.1666687294019, 2513.567056513038, 3705.797264159247
1647.8626344506686, 2319.9230996890146, 2962.1410400024274
3483.555448669867, 2610.7168834396834, 3260.012829196834
3010.1863774644726, 2923.4975803851257, 2693.40357712626
1477.894167979015, 704.3339664313849, 210.47510409602683
2294.702867991012, 1731.5177742319327, 3404.8219300823916
1719.1799824053628, 656.5818899167516, 1951.2128456955281
2467.8032022359703, 3047.353865209239, 2368.5148340587484
2204.8712509685147, 185.24057552663044, 763.910137136636
3044.9150253779803, 2599.767098929436, 2200.184954739767
1306.3536293330499, 817.235761398108, 2088.147675821029
3659.5624408134636, 3923.008208206608, 2209.6118702173867
3420.103299111209, 3866.5264264227376, 2360.840541486334
1522.104005880812, 417.2980867989786, 3737.8160214467
3091.0892902729615, 3846.29694789987, 3579.71738708577
3387.5767278824524, 3300.9524823333013, 3291.9570263410324
3965.8467283395585, 3479.9987089739525, 2020.8647040875112
454.7207244426718, 1728.1183693936446, 1800.4860948730884
3712.8723761137007, 3993.8874993063573, 3501.009093423035
3620.7460833252712, 3054.8092339261643, 3808.54092828007
1576.8000000000002, 1051.2, 1051.2
1989.2148226104473, 579.4329548117512, 438.3669084581411
1330.9101386523735, 1076.072074165333, 1961.001960539704
3274.541959961587, 595.6853726645932, 3864.9653402584927
3835.6417427449614, 2398.7531852731963, 3712.1870055323157
1520.7344818493202, 976.6317003836102, 27.408908548574345
697.1100546525286, 3621.3891774516433, 2201.2976903073695
908.7081770763912, 1692.6627038106035, 3679.804168542517
3357.145677466119, 6.137308695258071, 1794.9234641802927
2539.3004668820536, 2882.195442017154, 2316.385522354682
3570.518905660123, 3113.2183667631716, 2658.9046756243006
3273.6009576593187, 160.62136937159585, 1846.8514638058086
472.931987829274, 3201.224423226437, 2276.8584560791023
1484.9492075989679, 1271.7620701613969, 1772.4030868152863
2946.922965796967, 3046.4918510997004, 3379.5434195998973
3632.4722607928215, 616.4204070653004, 3165.549059751447
1624.3731392967725, 1253.9406617363566, 1316.6660276533253
2455.543744076278, 152.25504226402154, 3631.0436269346633
3502.8019174331507, 3834.1745624371115, 3546.1357867780757
1652.7559594589989, 1344.4951623379707, 2215.660165797178
3886.6715278510446, 3914.1881399305494, 3713.321629382726
3746.1760859101437, 837.7075418774175, 2333.237027558339
2357.895706203606, 3000.8692159638163, 846.9672846459025
2292.4065080415103, 350.7937698039482, 3873.366733920247
2497.8974650819655, 2225.2249270624834, 2694.5287579685587
1338.2405612838393, 219.72789608738276, 428.4254501655887
22.25913706237816, 1624.759507306267, 2789.4922771948613
74.23623419350906, 2014.8491777379236, 3138.7272279051344
1623.5265332878453, 3053.753499966277, 3908.1208710140295
1101.153476351661, 3535.0877294546717, 925.9576715878966
2799.0195074937155, 764.3621511465976, 1451.3972141789127
3979.2556723583057, 1340.099537679976, 2354.5334792538238
2703.771152674262, 3585.258265028374, 1156.0690855000062
3164.060042892901, 2158.426618194405, 3416.5355131927054
2980.0064070914677, 1702.6604603871083, 3957.2415928697287
2774.9105134422007, 3790.8586883813496, 348.367294736413
1439.9291776305167, 3516.3777577955234, 2293.2745412410577
2628.911103330899, 2844.261992677329, 2445.2228599916043
2197.1292465150796, 815.5397919646043, 996.8691739356655
2169.493913236185, 250.95927156588732, 3785.5880859736258
1451.5699073442033, 3877.4913605469774, 3913.538103611042
1613.0439238507324, 1734.2459985212322, 559.3091533660204
3779.1046033636076, 2749.4281131766134, 2497.6237693881217
3723.609256290942, 3232.800690391913, 2147.107180559654
2116.87641956926, 1481.6460722650972, 1199.797776708143
1894.7632713140792, 334.424330053384, 2314.162563929507
271.25157854636063, 3467.3077507952516, 2594.2558697445534
830.5207482803953, 1113.1654468332226, 2010.9979748880273
1776.1204100702669, 828.2666602710692, 1649.1137804549576
1576.8000000000002, 525.6, 1576.8000000000002
1478.1717556724307, 470.0023565649826, 2371.1190683979826
2381.3449531208453, 169.97049413907098, 1252.8246357539629
852.1643512526903, 3088.704642317492, 3303.1520382770645
672.3773210350187, 2772.0279833442632, 2382.3396614621033
2076.3302490952383, 1552.063199008653, 317.18196641486156
2309.3583599018384, 583.2873359430746, 267.0447931255462
1166.8569911603781, 658.4006774185691, 2791.2577836031087
137.81751936203864, 2313.941463974918, 1595.929921747788
840.1707518965595, 142.22987098795238, 1359.833225776973
2002.4506595053742, 1623.5323650019236, 3956.857267512372
564.5926557260195, 3367.986395056123, 2985.9091704272446
3198.953241466003, 3594.0533008801362, 173.85024837999936
2199.3704555611253, 990.4354143993255, 167.6430173923336
1169.1232632336278, 1309.8928623501993, 604.6403661919276
2053.9340092227726, 484.2900929543889, 1674.7645169399852
1075.068320290457, 2650.198766708785, 3531.539390554654
142.54454518079547, 2019.760071172548, 3131.588820981768
1206.0317196808305, 1614.5713829741028, 1745.866476258098
2379.8671850966753, 700.1098284135705, 2458.7153110989475
3734.2750096104396, 2789.711939028208, 1198.8110877416993
562.7312378551633, 3596.5725533228797, 2164.6561203265746
1835.3496699641532, 30.58857419529295, 1313.0623116754696
2251.7902558510746, 1120.5841055683977, 233.6612863203054
3663.280841550119, 2786.838729641351, 1976.4607856017224
2279.319047674406, 1946.4286278556738, 1432.5680044851938
3373.704742109863, 3786.0141242728596, 2226.1799252855844
1581.6281510321642, 2073.1427779942105, 387.77158822982074
1757.188463204453, 2093.2145952325955, 265.99598033554093
1886.4564694987957, 1748.4451624954654, 1434.224086423676
2838.078725279285, 306.5305927450104, 1752.0355581783342
1388.2149054945944, 1488.8796373709965, 1311.4657000781249
3632.815692242053, 43.36667446627416, 3732.1644826792262
3544.673523262723, 3643.1396438614684, 359.96294887227714
1669.3955089817637, 1180.20192960023, 534.9759652369403
2156.959127760282, 2146.231378751268, 1041.8751763058967
