2717.5078140570054, 652.1013874131781, 265.09696403152793
3350.887462034958, 2975.0796876015233, 1442.5022221717995
1058.2856080556112, 224.5446926323848, 78.63075047516804
2300.643769861266, 2661.4474966469324, 1384.3193217384714
3779.1376718363435, 477.4172072460742, 3049.0173072062444
1560.9087488706637, 2773.2028911021443, 2030.7187668986244
1695.6601506609668, 2748.8596431577357, 2553.0307550905463
991.013874239592, 2621.7611568473467, 2069.8593447579146
3845.8639832702415, 3752.4197512921564, 1199.0754020867812
3317.2108948454343, 2112.827007284961, 1139.0139027897749
778.1268924218684, 102.33319077416127, 1347.0349342877184
302.23922551667874, 3706.1119842453195, 1718.4814959686946
879.6316372922429, 3907.806477104522, 551.9841413523382
3369.236725252645, 2251.4515980003707, 3422.986734600752
1451.804182543624, 1979.935231780355, 3315.2085834998766
214.41288256557755, 3762.338991713211, 2498.431257117318
1026.4651401993287, 3145.972193810075, 935.8076965922937
2288.631354553634, 1605.0726679766212, 1835.7067409481897
3733.7467594919035, 167.52776927890773, 3836.9292618524496
1272.249422627715, 3102.715279524696, 845.287645031076
2846.174563388515, 3689.1067636542793, 2716.8555423161906
706.6945948481734, 471.9188511381517, 1607.3718723396191
600.8729439490944, 1000.7933583574518, 838.8170941304343
91.0403111310834, 212.4656532025624, 501.4712630562253
1697.1162705444722, 3188.8671633165395, 3013.1052162611804
2653.3694687820152, 2614.3141866507476, 3371.4163453666047
1019.5488155510725, 924.8583738615962, 930.94813447249
326.5611097498045, 1067.2923338802884, 1478.1430583929255
1977.020930631389, 2413.492414554021, 831.0984661955081
2451.435556378489, 2917.81156548119, 3494.531960601721
1399.0391726700282, 874.7500735516214, 1746.9381625331557
890.515880882675, 365.3236330982686, 1501.09799950677
3766.3313083983453, 961.767895586896, 901.7735823206513
2346.0343644689365, 3729.8293362834934, 1701.4180746399043
860.4217484993674, 1540.9197459065867, 3524.8739301972128
2642.5189930131137, 3610.724117139237, 1464.6260661273413
2182.002410239556, 3409.855296329277, 2081.2557040041693
2199.7686845986686, 2576.8536927202535, 3034.244465021473
1591.9392725869402, 1787.520738512921, 517.7702428403395
2363.941430812858, 3007.866805748725, 1236.4278896209116
3097.675934820107, 667.3751434479545, 1878.0878440216193
512.5094362148379, 1356.8791379471436, 2197.3594335500475
1859.3242082491383, 3430.760613367387, 3949.1078378370985
836.44274649618, 1850.0522929455765, 484.47184492307315
720.6829073471886, 1943.4813037688668, 2322.47671523781
3894.351713435668, 1743.945115501947, 2210.5619792755824
1827.0833106356633, 2396.89173771975, 3413.8986867409794
2254.9540321139616, 3301.1166082864, 2778.5542835255537
2508.5987063649372, 3497.897685496172, 2248.459051300063
145.56069486419483, 1072.9564626884862, 599.3227238660884
1427.876070243898, 3759.2575006064417, 1765.6252192102402
1335.236051814023, 1258.0857837040903, 190.04761171116297
2773.423655707717, 77.72623851244134, 1719.8971522327445
3740.867799879813, 1860.1585592661177, 1651.245000696681
2385.160876877729, 3507.1889947631093, 2634.284009939572
897.1465331142153, 1640.090169906236, 1267.1293239777387
2589.7044361631297, 2977.2224564244516, 2677.3825458174015
129.5893754284184, 2154.5011340663405, 1898.079959725485
825.1320783007368, 1967.2618156193307, 1086.429623162533
3886.184334423734, 1877.1401169051173, 1462.2354341200135
3680.6754828948547, 1414.9928849639186, 585.6599531293036
758.4982775058807, 1817.5281914158302, 3092.587979065983
1822.934532740006, 2583.578422996522, 2642.8378056821884
2445.6540640772437, 3993.9697633863602, 3290.8456364070244
905.0687102684387, 428.71178573751786, 3970.938712124062
736.1090830784224, 3337.150562880384, 563.3934042896371
622.3948141391916, 428.2153426603486, 781.0884031939527
436.9500269282539, 1117.567728003789, 3383.3748601089237
414.7092892177957, 2738.0076940604185, 3162.22398862074
1097.109989522426, 13.946374439737383, 226.64515785168123
3010.180643575896, 2018.8943915160899, 2390.650003335428
1580.5815779844115, 3931.996013972866, 755.8711879072234
1426.5326422778226, 3437.761531676994, 1243.970417965666
1146.8637237481462, 3335.5180978900707, 804.7862170943604
1331.7989110955932, 377.9397211287169, 1483.9914646257298
2809.022614631961, 1876.674417502887, 2907.1264860839133
501.45402771916815, 3436.218220692148, 2101.341187076395
3243.5996899174725, 2298.556723942659, 121.48160249512193
3044.569812214171, 3144.746444661854, 3418.901992708941
2389.6797077011897, 2399.3749923349524, 3696.3724754562936
831.3061624345105, 600.4172952740564, 3955.7045106822907
2551.0010530934815, 1581.1355273289182, 1583.5120044629498
1692.7743820269197, 634.9622278174602, 107.59748125562601
2827.796717281483, 2573.8119720702134, 2195.4206834866136
3881.612041464971, 392.5829515732398, 3010.113611483953
2398.0193038230173, 2040.076506548151, 3559.2672380860486
693.7071078281342, 441.18365673065546, 3851.4054311865552
1416.5780931990566, 214.67979005062716, 3774.0442255688417
3574.2475143296647, 3591.587594779495, 2164.3428606670795
2871.8995458391955, 2184.7288482510066, 3040.3508471997047
1002.735036857267, 1504.5474229407455, 1054.0027355642342
194.40361543909148, 3854.568700978423, 1462.6738096854915
2699.9150541973067, 2609.285306887711, 3483.43422699193
1296.0203752011912, 1312.0441832207089, 1578.008219130851
359.97345860759924, 777.3128838203393, 1032.8614010400524
1822.483403805947, 3846.762783101257, 1870.7716237071081
3002.8467262308086, 3104.2964494837743, 1589.2988761305319
1229.90512841291, 1441.449743623872, 34.297060884511666
28.352404398899353, 2022.2968939211369, 2400.4977342804327
2500.3784259939275, 3503.907807263514, 505.86303243584507
2565.431644413437, 2884.4864611058383, 2551.8604239041188
3590.4064990199945, 2920.716497477332, 2130.5972064391235
1099.5248956786027, 1391.6072145222574, 1062.7772420143851
916.6898275207959, 1320.439146440834, 3716.629255491981
2139.0512551875677, 3442.344302171564, 3513.735373323062
735.7757535121891, 823.5361854813632, 2368.2980152634345
817.9277433775478, 839.3166361042754, 1197.7687087496024
3791.1285129390453, 3829.201031387233, 2571.4128020202897
336.88208615532403, 451.83174847029295, 1687.321471703452
3503.2535262966735, 2796.5021854134275, 485.0196310977426
2591.957925053468, 3548.0824549201616, 3608.497765906449
2767.3054264747707, 3899.1597338556417, 3368.527713170452
2601.203088093509, 3411.7703589592843, 2273.0877357230893
2815.75058920397, 3130.497983264731, 2231.75203837026
897.2553241916494, 1948.4553241916497, 0.0
3642.789265479511, 3867.070475045747, 1695.879449489843
2463.975965019339, 3321.1181906285215, 3401.322244820638
2051.7057014926245, 1438.9440347638279, 4.07703435696817
3212.4698553867447, 3887.9830905729823, 2190.549339924247
1862.4411068051181, 2177.931645126161, 715.5040838516079
834.8616014052473, 1141.9312932955281, 1856.2761403358481
3043.8144237654465, 3729.998993782303, 3281.546862115902
1476.7748907376372, 1921.4969188172602, 173.56686354247267
3120.7453618883546, 3565.1607903365666, 3280.4543785720507
2848.0923490430605, 313.98373458030164, 3114.1095147867422
2631.216678009372, 260.64142667791657, 149.6394502727194
1492.3681462242876, 1618.7644338597402, 2581.357100940473
2781.199196328717, 3122.501618214886, 16.176283654674762
2395.376658888208, 2110.704536958201, 3017.7955006159877
1382.4390705003661, 3439.365469774644, 3925.0390652809347
3367.2423275970214, 2653.1107874414024, 1822.0137158840598
2920.349474856699, 3849.8218836511996, 854.3031250425906
3395.659155020897, 2100.4497355623944, 2318.1277557157614
3275.6271444655604, 2376.762747303171, 3016.496826547736
3401.979699298314, 695.1458560528549, 2697.523547477301
2236.523722897771, 3195.9295511432106, 1327.989793109516
849.772710193291, 3018.1088132475043, 1358.6250520390936
1840.5145117646543, 3923.702081113106, 1787.8125341397104
3917.0583355295385, 2637.8190649055605, 3526.9563709337144
1695.0249762326257, 3912.831184838654, 426.1134462299383
1767.9498681470081, 147.34556642054304, 1328.3513920789355
3236.584804470175, 2740.853224618304, 213.71658530747527
3802.184512873831, 2059.3911616619, 3505.18550540779
2857.5554094116105, 3456.9059490808836, 3549.3517672010075
336.5930517191382, 630.0895617892857, 289.2212856020178
900.7551965191933, 1439.969085835231, 719.1623625022285
1496.74325013427, 818.3467359512738, 2136.9268427850225
1576.8000000000002, 525.6, 0.0
721.3402924766701, 960.0286196022948, 3938.636919435303
2078.2900053283893, 584.9452342077329, 1019.057281639301
1234.2887852470144, 1411.3441018583421, 298.21273406220234
2669.993450563616, 850.2741127648455, 1137.8156289926637
950.1720621705458, 393.0673990029204, 255.6839722318814
1066.129385745151, 3893.3192108275043, 720.6036126221438
431.2011940708744, 2146.335133323213, 1708.7185959891647
3701.3584716847813, 1526.7242832865322, 3256.1468104784503
3360.8812428524543, 2259.1245547462713, 3157.565154254755
3728.424914938972, 2999.708081923498, 264.1991627495763
3208.3219918444756, 2061.8461965929287, 119.16783195031348
3226.7748526721316, 2466.5233357730303, 3976.365490271916
3367.1472867802268, 1685.2886380846478, 1616.708931498291
3347.0349895597797, 3349.57840657941, 1978.15332548047
2746.543368870609, 2290.535927528237, 1593.07871289398
1873.5409646336352, 1215.9074243390805, 689.1167908677608
2820.6327850801254, 3575.3042497607885, 3425.0584434052694
3629.7134547867436, 2933.011421790973, 2263.2378977879653
3535.8871981679004, 3878.8517780908583, 2871.3804148885647
3166.933309144015, 3115.4637884094363, 2732.5461043314376
685.2479571746699, 1417.361562668295, 1189.2628507916443
1461.5775460305445, 1422.5706408157807, 1831.0034800626981
3326.4638305213066, 1595.4623050547411, 192.5750146821738
1576.8000000000002, 1051.2, 1051.2
3248.5708539613493, 290.5136787800998, 3491.051298228199
1413.394898134809, 314.20515978333515, 1416.3758408975327
1587.3574346363112, 1762.9213344490158, 2339.0104019482515
1370.1513486709314, 1011.9812192611435, 2463.40664405722
3062.5886685761475, 3633.669964080197, 2464.009241441482
1165.2799455600693, 462.42167671238303, 1044.8606439143077
3182.5232514556815, 3351.5902446189652, 2298.251953235561
764.8859913063725, 2298.22086213709, 546.2235286481773
2438.1638674899527, 565.2902281047072, 1258.2516459693616
1476.0313728471197, 1970.3993639688524, 946.4665711742537
2246.48443104056, 3723.6607997773413, 2545.191513148852
3215.2712983085867, 1676.5871086647126, 3308.7470018586027
1205.4054741424588, 1827.418044639253, 1462.1422541214147
2888.9911110296, 138.25308685568643, 3554.784223047809
3554.8022786468796, 531.6018965984317, 3524.7151919114804
1437.4823653254134, 1751.663462165141, 1462.675955177027
811.2719814277189, 886.2976985112205, 2266.2768565045853
3096.610724157888, 3408.795707068563, 174.885883221556
2753.589870067514, 830.1214810097758, 163.89431480370968
817.0385624088776, 2235.0551715731417, 1287.1466544844443
3190.8959552127585, 3101.2246380016977, 1448.0747227161019
1166.938382940863, 3903.5903522457984, 511.62213408294383
1523.0928965176213, 356.4007123742781, 3195.0010812520986
1904.8886051337631, 3707.6463179972866, 3441.187792474085
1299.6049090140968, 3806.989297023235, 926.7679625990932
1711.1266124498425, 3507.6271345358628, 1657.9585497657913
3913.024729962609, 3428.223420059783, 2447.643762114667
3629.4555601425227, 1991.2458615588155, 2484.141125329758
1153.4179556757863, 67.5664848351721, 1848.8751193009484
1417.9975000857544, 552.3448562054487, 1659.2781204725813
2640.2845035644973, 1764.289836368809, 1846.1778638203305
16.251066128899765, 1801.5711813329567, 3491.762872684232
1733.5730239794693, 348.7752659705093, 1755.1575997610607
3110.265045893162, 2577.8317175575726, 190.5411569394928
3847.945825259385, 2096.451782815978, 3738.2696927507177
1481.2089138046586, 299.18789538178044, 1519.9834514672743
3397.240602119646, 1320.0578189292878, 2554.782340400749
3540.635761359048, 2608.2938646529446, 2202.755728507927
1000.0506038238291, 949.1133556595705, 3628.9176183724176
521.3472806823484, 2738.3657624514735, 1539.779753040765
2945.167467009006, 2031.9983248220228, 1729.856757906091
1978.0399253714909, 289.9148211592592, 586.7006129792953
606.9395711735651, 2862.3044379597604, 1522.6437670604723
1643.7496834209037, 933.2245894785392, 773.3025823790185
1384.6528334157238, 68.75382306153506, 1060.736025534129
2477.983659820059, 369.76167912335586, 916.452971053206
1474.4510143925681, 940.1151528398977, 1103.2026231598984
520.077647465705, 2293.637488920716, 3529.126673868779
1152.7806251289594, 189.99740057141253, 1627.6423869067394
2342.6430444575035, 398.4153087019522, 1422.9737456806574
1368.1359626091125, 1032.7934228285635, 1862.361875307767
183.20348013763305, 2892.6505348139835, 3747.856320983396
63.03685192521243, 3519.3129853796318, 2325.277763756384
3883.9897088390553, 3633.7695925177322, 2554.2995452191603
102.68609396163629, 3019.9686660298257, 1694.7019253392996
2850.761164074904, 1209.2510473269303, 3602.3317904779565
894.4588421019721, 2139.0282866066627, 232.05531639903074
1990.0978808951445, 1505.677454286119, 772.1527803649419
233.4281961274787, 3027.4212860281154, 2116.4439332370025
2837.4099395838134, 3785.612491212407, 1359.8983614278618
2468.975346878369, 1706.5669060759865, 3216.734678615049
930.2632866125123, 1891.0713191623013, 1054.9493960329223
2044.7449765955569, 3141.8222109956305, 1840.9451789324303
1429.124493318061, 253.33286365145295, 372.8348828873409
3768.761677501993, 2747.373002913182, 3940.6914459660115
755.211390691798, 3619.0873576876634, 3878.0859192571097
3558.2371814867174, 2892.6805148009817, 3609.5479082230977
3610.9653890438076, 3178.248576548057, 3636.3524314733672
3612.212311204751, 3555.8466205615587, 1594.6398898694656
47.153424218001874, 3181.9050682508378, 1986.9173317176924
2633.457823338207, 3747.584290640494, 1942.8638578952632
1642.3931095702947, 1985.5012334395115, 3848.634008267326
2572.615237749288, 586.1322856158558, 1009.5986617395529
52.76909235656058, 3253.6689939401417, 3681.6378015247237
39.09231237763288, 180.6907269357057, 3070.2813621368523
381.1745709333445, 3745.459813312492, 3385.49109822474
1375.536820883589, 1204.304989032059, 785.3911100371229
3340.9371200885216, 676.2224745670096, 3061.511840548884
2065.0378144708184, 1124.0792711060012, 1429.0077816090666
288.6937956351517, 3512.3717320100313, 3287.196522325169
1534.7350714403683, 1378.5344877120683, 1893.5249791296956
1350.92943071637, 3600.3403671774754, 1161.57917513141
2391.669442393037, 990.9188162669097, 2843.5332876495595
515.0137916476388, 3311.238925930265, 3154.507766357355
